((("total" .
   [1 0 0 0 0])
  ("records" .
   [0 0 0 1 0 0 0])
  ("rows" .
   [1 0 0 0])
  ("$response" .
   [0 0 0 1 1 0 0 0 0])
  ("$i" .
   [3 0])
  ("$key" .
   [0 0 0 1])
  ("$output" .
   [2 0 0 1 1 0 0])
  ("$keys" .
   [1 0 0 0 1])
  ("fore" .
   [0 0 0 1])
  ("phpversion" .
   [0 0 0 1 0 0 0 0 0 0])
  ("require" .
   [0 0 0 0 0 0 1])
  ("clone" .
   [1 0 0 0 0])
  ("message" .
   [0 0 0 0 0 0 1])
  ("nil" .
   [1 0 0])
  ("setq" .
   [1 0 0 0])
  ("phpinfo" .
   [0 0 0 1 0 0 0])
  ("pub" .
   [0 0 1])
  ("dupaLampa" .
   [0 0 0 0 1 0 0 0 0])
  ("class" .
   [0 0 0 1 0])))
